ZESTAW 1
HEIGHT: 7
INORDER: 4 7 8 9 11 15 21 34 41 45 50 52 65 69 72 81 88 93 99 100 115
PREORDER: 81 9 4 8 7 34 15 11 21 41 50 45 72 65 52 69 100 88 99 93 115
POSTORDER: 7 8 4 11 21 15 45 52 69 65 72 50 41 34 9 93 99 88 115 100 81
PREDECESSOR 81: 72
PARENT 81: BRAK
SUCCESSOR 81: 88
POSTORDER: 7 8 4 11 21 15 45 52 69 65 72 50 41 34 9 93 99 115 100 88
PREORDER: 88 9 4 8 7 34 15 11 21 41 50 45 72 65 52 69 100 99 93 115
SCAN - INORDER: 4 -3 -11 -20 -31 -46 -67 -101 -142 -187 -237 -289 -354 -423 -495 -583 -676 -775 -875 -990
POSTORDER: 7 8 4 11 21 15 45 69 65 72 52 34 9 93 99 115 100 88
SCAN + PREORDER: 88 97 101 102 110 117 151 166 177 190 211 229 281 326 398 463 532 632 731 824 939 1041
SCAN + POSTORDER: 1 8 16 20 33 44 62 83 98 143 212 277 349 401 435 444 537 636 738 853 953 1041
SCAN - PREORDER: 88 79 75 74 66 59 25 10 -1 -14 -35 -53 -105 -150 -222 -287 -356 -456 -555 -648 -763 -865
SCAN - POSTORDER: 1 -6 -14 -18 -31 -42 -60 -81 -96 -141 -210 -275 -347 -399 -433 -442 -535 -634 -736 -851 -951 -1039
ZESTAW 2
PREORDER: 8 7 6 5 4 3 2 1 9 10
POSTORDER: 1 2 3 4 5 6 7 10 9 8
INORDER: 1 2 3 4 5 6 7 8 9 10
HEIGHT: 7
